 51770 25267 15483 26028 30466 56187 53503 56116
 40016 60589 21074 13766  8121 59669 22228 34629
 13110 21674 10618 14789 65395 50332 50332  8937
 29584  3323  8235 39933  1409 61869 19131 20105
 51416  5798 13291 34507 32215 38494 32619  2656
 27066 48045  9695 44929  1048   343 38532 36092
 64333 55922 54415   574 61037 62106 11518 10875
 42615 10052 14790 42299 32743 38943   813 36043
 47531 33023 36498 32505 51489 54539    42 39769
 18737   619 24420  1535 32359 17967 56123 24706
 37698 39960 30789 22884 11233 10396 21585   603
  5437 36118  1784 39992 33013 51747 54800 11587
 27591 49891  9429  7686 54499  7857 60132 37348
 13959 23860 18735  6801 65037 58515  8952 45599
 36728 44198 14098 17654 23619 43315  5995 45945
 18227 62490 51763 43439 56113 49472 61548 29855
 23144 39767 34483 33445
